100
121 121 11
3976 759716 7
4827 379304 8
121 131 1
999 99999 78788
2590 45700 5
1551 635917 7
6311 744038 5
8129 512819 4
121 132 1
2035 587687 6
4945 279540 7
3491 376189 1
9352 507517 9
3263 62970 1
2499 989424 7
873 84000 1
1056 45030 4
9324 755359 1
4766 385349 3
1396 974496 5
9628 221919 9
39 1000000 3
9974 603759 9
3748 207521 4
3376 156586 6
8429 327368 2
7998 968182 1
8439 865622 9
8764 690922 4
0 132 1
0 100 2
1209 371972 7
4609 64949 8
0 1000000000000000000 1000000000
1925 194236 4
2519 171840 3
701 837097 8
9481 668314 4
646 753992 3
1616 875376 6
8989 909410 5
8984 321196 7
34432 9999920 222
7800 282033 2
9046 160519 7
1363 123520 8
21345 4441283 13
6673 645665 9
3901 458931 4
5272 393026 2
1000000000 1000000000000000000 1
490 499674 1
1712 931656 3
9412 458712 2
9523 81976 5
1033 109791 2
5759 165757 6
9385 146808 1
2789 205886 5
5579 763362 2
0 1000000000000000000 1
2871 611476 1
6153 882984 8
4370 274443 1
7977 626769 9
4131 988357 1
2965 769993 4
1813 539974 3
8621 305784 1
7668 468727 8
2433 588437 7
7243 39232 6
1002 914907 8
22322 22322 1
886 56750 8
4153 196591 1
5992 237133 9
8135 346033 4
9929 160753 4
7597 115191 5
852 514597 2
2228 961000 6
8229 384684 2
938 717057 3
5303 577653 4
258 978067 6
8892 186601 5
8483 164651 3
2739 884729 5
1516 476245 5
2675 641763 3
5630 555906 6
9705 834597 8
5541 34105 7
1405 52064 3
10 22322 2
4401 792858 5
6916 519450 6
100000 1000000000000000000 3
