95
0 1000000000000000000 1000000000
8229 384684 2
7668 468727 8
9628 221919 9
7597 115191 5
39 1000000 3
0 132 1
8892 186601 5
9481 668314 4
121 121 11
10 22322 2
2739 884729 5
9974 603759 9
6916 519450 6
100000 1000000000000000000 3
121 132 1
2035 587687 6
3376 156586 6
8764 690922 4
1925 194236 4
9929 160753 4
4609 64949 8
5541 34105 7
121 131 1
8989 909410 5
5992 237133 9
0 100 2
8483 164651 3
6311 744038 5
1056 45030 4
4370 274443 1
4401 792858 5
9523 81976 5
2675 641763 3
1396 974496 5
7977 626769 9
490 499674 1
2590 45700 5
999 99999 78788
1712 931656 3
852 514597 2
2789 205886 5
34432 9999920 222
4766 385349 3
1551 635917 7
2965 769993 4
0 1000000000000000000 1
258 978067 6
1405 52064 3
7243 39232 6
8135 346033 4
4131 988357 1
2499 989424 7
9385 146808 1
1209 371972 7
3491 376189 1
21345 4441283 13
6153 882984 8
1813 539974 3
1363 123520 8
5630 555906 6
9705 834597 8
701 837097 8
5272 393026 2
873 84000 1
6673 645665 9
1516 476245 5
646 753992 3
2433 588437 7
8129 512819 4
2871 611476 1
7800 282033 2
886 56750 8
1616 875376 6
3748 207521 4
2519 171840 3
9412 458712 2
5579 763362 2
9324 755359 1
3263 62970 1
938 717057 3
8439 865622 9
3976 759716 7
2228 961000 6
5303 577653 4
4945 279540 7
4827 379304 8
9352 507517 9
4153 196591 1
3901 458931 4
8984 321196 7
22322 22322 1
5759 165757 6
1002 914907 8
1000000000 1000000000000000000 1
