100
1
6697461
9999998
140839
9999930
9309119
2
9999972
9010879
8
5
9971849
1264969
10
3191803
6513281
7783893
559513
3023326
3702389
615403
9999973
2872729
9999971
6
4572049
4170220
2896297
8460583
1281246
9999996
1862603
5388168
3
9999997
5001361
1750607
6987083
3132736
9999995
10000000
8291470
3929879
11
2610613
4
6704676
7742461
4751053
1221469
3877633
9999929
9325574
4936439
8248729
6716541
4461643
9999162
9999161
8184167
928009
9999999
2044523
9999991
6537523
9516811
4461642
592432
3855409
3323191
9299449
9999931
1403870
1507483
8697851
7
13
4461641
9987391
8603593
8237213
9999163
7203246
7551991
2360890
4046177
1481717
9
7762723
5331653
2196613
12
1144
8763892
6865010
5462959
2295773
3410821
4125389
9682616
